0 45 70 56 75 34 63 88 25 67
45 0 33 29 95 75 78 73 70 89
70 33 0 88 59 90 77 63 57 68
56 29 88 0 66 46 69 42 55 98
75 95 59 66 0 75 58 60 88 99
34 75 90 46 75 0 36 49 25 58
63 78 77 69 58 36 0 24 44 72
88 73 63 42 60 49 24 0 77 65
25 70 57 55 88 25 44 77 0 79
67 89 68 98 99 58 72 65 79 0